[[[-0.14695999 -0.06726366 -0.1055827  ...  0.00552558 -0.03803582
   -0.01040127]
  [-0.23955613 -0.06726366 -0.1055827  ...  0.00488801 -0.03935436
   -0.01024467]
  [-0.24737704 -0.07127462 -0.1055827  ...  0.00483528 -0.03962236
   -0.01021481]
  ...
  [ 0.5993631  -0.43243507  0.42565957 ...  0.00404985 -0.04140471
   -0.01400232]
  [ 0.5993631  -0.43243507  0.42565957 ...  0.00416325 -0.04089554
   -0.01384726]
  [ 0.5993631  -0.43243507  0.42565957 ...  0.00441126 -0.04086167
   -0.01383553]]]